[_effect]
version                          = 1
max_particles                    = 256
flags                            = 1
action_count                     = 6
 
[sprite]
shader                           = ufp_shaders\ufp_blend
texture                          = pfx\pfx_smoke_c
 
[action_0000]
action_type                      = 21
version                          = 1
action_name                      = source
flags                            = 1
flt_0000                         = 0.000000
flt_0001                         = 0.100000
flt_0002                         = 0.000000
flt_0003                         = 32.000000
flt_0004                         = 0.000000
bool_0000                        = true
bool_0001                        = true
 
[domain_action_0000_0000]
type                             = 2
v0                               = 0.466667, 0.337255, 0.133333
v1                               = 0.364706, 0.266667, 0.105882
v2                               = 0.266667, 0.192157, 0.078431
 
[domain_action_0000_0001]
type                             = 4
v0                               = 15.000000, 1.000000, 15.000000
v1                               = -15.000000, 4.000000, -15.000000
v2                               = 10.000000, 1.000000, 0.000000
 
[domain_action_0000_0002]
type                             = 1
v0                               = -1.000004, -1.000004, -1.000004
v1                               = 1.000004, 1.000004, 1.000004
v2                               = 0.000000, 0.000000, 0.000000
 
[domain_action_0000_0003]
type                             = 1
v0                               = 8.000000, 8.000000, 8.000000
v1                               = 12.000000, 12.000000, 0.000000
v2                               = 0.000000, 0.000000, 0.000000
 
[domain_action_0000_0004]
type                             = 1
v0                               = 0.000000, -0.250000, -2.000000
v1                               = 0.000000, 0.000000, -3.500000
v2                               = 1.000000, 4.000000, 0.000000
 
[action_0001]
action_type                      = 10
version                          = 1
action_name                      = killold
flags                            = 1
flt_0000                         = 240.000000
bool_0000                        = false
 
[action_0002]
action_type                      = 19
version                          = 1
action_name                      = sink
flags                            = 1
bool_0000                        = true
bool_0001                        = true
 
[domain_action_0002_0000]
type                             = 3
v0                               = 0.000000, -0.750000, 0.000000
v1                               = 0.000000, -1.000000, 0.000000
v2                               = 0.000000, 0.000000, 0.000000
 
[action_0003]
action_type                      = 25
version                          = 1
action_name                      = targetrotate
flags                            = 3
flt_0000                         = 0.020000
vec_0000                         = 5.397745, 0.000000, 0.000000
 
[action_0004]
action_type                      = 29
version                          = 1
action_name                      = vortex
flags                            = 1
flt_0000                         = 0.001000
flt_0001                         = 1.000000
flt_0002                         = 30.000000
vec_0000                         = 0.000000, 1.000000, 0.000000
vec_0001                         = 0.000000, 0.000000, 0.000000
bool_0000                        = true
 
[action_0005]
action_type                      = 12
version                          = 1
action_name                      = move
flags                            = 0
 
