[_effect]
version                          = 1
max_particles                    = 5
flags                            = 9060353
action_count                     = 6
 
[sprite]
shader                           = particles\blend
texture                          = pfx\pfx_smoke_a
 
[timelimit]
value                            = 15.000000
 
[action_0000]
action_type                      = 21
version                          = 1
action_name                      = source
flags                            = 3
flt_0000                         = 0.000000
flt_0001                         = 0.200000
flt_0002                         = 0.000000
flt_0003                         = 45.000000
flt_0004                         = 0.000000
bool_0000                        = true
bool_0001                        = true
 
[domain_action_0000_0000]
type                             = 1
v0                               = 0.843137, 0.788235, 0.439216
v1                               = 0.701961, 0.643137, 0.270588
v2                               = 0.000000, 0.000000, 0.062745
 
[domain_action_0000_0001]
type                             = 1
v0                               = 0.000000, 0.020000, 0.000000
v1                               = 0.000000, 0.100000, 0.000000
v2                               = 0.000000, 3.000000, 0.000000
 
[domain_action_0000_0002]
type                             = 1
v0                               = -1.570796, -1.570796, -1.570796
v1                               = 1.570796, 1.570796, 1.570796
v2                               = 1.000000, 5.000000, 0.000000
 
[domain_action_0000_0003]
type                             = 4
v0                               = 0.300000, 0.300000, 0.300000
v1                               = 0.010000, 0.010000, 0.010000
v2                               = 0.100000, 1.000000, 0.000000
 
[domain_action_0000_0004]
type                             = 4
v0                               = 0.000000, 0.000000, 0.000000
v1                               = 0.000000, 0.000000, 0.000000
v2                               = 0.500000, 12.000000, 0.000000
 
[action_0001]
action_type                      = 10
version                          = 1
action_name                      = killold
flags                            = 3
flt_0000                         = 15.000000
bool_0000                        = false
 
[action_0002]
action_type                      = 23
version                          = 1
action_name                      = targetcolor
flags                            = 3
flt_0000                         = 0.200000
flt_0001                         = 0.200000
flt_0002                         = 0.000000
flt_0003                         = 1.000000
vec_0000                         = 0.819608, 0.749020, 0.313726
 
[action_0003]
action_type                      = 24
version                          = 1
action_name                      = targetsize
flags                            = 3
vec_0000                         = 0.200000, 0.200000, 0.000000
vec_0001                         = 0.300000, 0.300000, 0.300000
 
[action_0004]
action_type                      = 29
version                          = 1
action_name                      = vortex
flags                            = 1
flt_0000                         = 2.000000
flt_0001                         = 12.000000
flt_0002                         = 1.000000
vec_0000                         = 0.000000, 0.050000, 0.000000
vec_0001                         = 0.000000, 0.050000, 0.000000
bool_0000                        = true
 
[action_0005]
action_type                      = 25
version                          = 1
action_name                      = targetrotate
flags                            = 1
flt_0000                         = 0.002000
vec_0000                         = 36.651917, 21.327925, 13.962634
 
