[_effect]
version                          = 1
max_particles                    = 5
flags                            = 5121
action_count                     = 5
 
[sprite]
shader                           = particles\blend
texture                          = pfx\pfx_test_textures
 
[frame]
tex_size                         = 0.250000, 1.000000
reserved                         = 128.000000, 128.000000
dim_x                            = 4
frame_count                      = 4
speed                            = 24.000000
 
[action_0000]
action_type                      = 21
version                          = 1
action_name                      = source
flags                            = 1
flt_0000                         = 0.000000
flt_0001                         = 1.000000
flt_0002                         = 0.000000
flt_0003                         = 0.500000
flt_0004                         = 0.000000
bool_0000                        = true
bool_0001                        = false
 
[domain_action_0000_0000]
type                             = 0
v0                               = 0.300000, 0.300000, 0.300000
v1                               = 0.000000, 0.000000, 0.000000
v2                               = 0.000000, 0.000000, 0.000000
 
[domain_action_0000_0001]
type                             = 5
v0                               = 0.000000, 0.000000, 0.000000
v1                               = 0.100000, 0.000000, 0.000000
v2                               = 0.000000, 0.000000, 0.000000
 
[domain_action_0000_0002]
type                             = 1
v0                               = -2.000000, -2.000000, -2.000000
v1                               = 2.000000, 2.000000, 2.000000
v2                               = 0.000000, 0.000000, 0.000000
 
[domain_action_0000_0003]
type                             = 0
v0                               = 0.200000, 0.200000, 1.000000
v1                               = 0.000000, 0.000000, 0.000000
v2                               = 0.000000, 0.000000, 0.000000
 
[domain_action_0000_0004]
type                             = 0
v0                               = 0.000000, 0.200000, 0.000000
v1                               = 0.000000, 0.000000, 0.000000
v2                               = 0.000000, 0.000000, 0.000000
 
[action_0001]
action_type                      = 24
version                          = 1
action_name                      = targetsize
flags                            = 1
vec_0000                         = 0.300000, 0.000000, 0.000000
vec_0001                         = 0.200000, 0.000000, 0.000000
 
[action_0002]
action_type                      = 25
version                          = 1
action_name                      = targetrotate
flags                            = 1
flt_0000                         = 0.100000
vec_0000                         = -1.978149, 0.000000, 0.000000
 
[action_0003]
action_type                      = 10
version                          = 1
action_name                      = killold
flags                            = 1
flt_0000                         = 5.000000
bool_0000                        = false
 
[action_0004]
action_type                      = 12
version                          = 1
action_name                      = move
flags                            = 1
 
