[_effect]
version                          = 1
max_particles                    = 1
flags                            = 7168
action_count                     = 3
 
[frame]
tex_size                         = 0.125000, 0.500000
reserved                         = 32.000000, 64.000000
dim_x                            = 8
frame_count                      = 16
speed                            = 32.000000
 
[action_0000]
action_type                      = 21
version                          = 1
action_name                      = source
flags                            = 1
flt_0000                         = 0.000000
flt_0001                         = 1.000000
flt_0002                         = 0.000000
flt_0003                         = 0.500000
flt_0004                         = 0.000000
bool_0000                        = true
bool_0001                        = false
 
[domain_action_0000_0000]
type                             = 0
v0                               = 1.000000, 1.000000, 1.000000
v1                               = 0.000000, 0.000000, 0.000000
v2                               = 0.000000, 0.000000, 0.000000
 
[domain_action_0000_0001]
type                             = 0
v0                               = 0.000000, 0.000000, 0.000000
v1                               = 0.000000, 0.000000, 0.000000
v2                               = 0.000000, 0.000000, 0.000000
 
[domain_action_0000_0002]
type                             = 0
v0                               = 0.000000, 0.000000, 0.000000
v1                               = 0.000000, 0.000000, 0.000000
v2                               = 0.000000, 0.000000, 0.000000
 
[domain_action_0000_0003]
type                             = 0
v0                               = 0.200000, 0.200000, 1.000000
v1                               = 0.000000, 0.000000, 0.000000
v2                               = 0.000000, 0.000000, 0.000000
 
[domain_action_0000_0004]
type                             = 0
v0                               = 0.000000, 0.000000, 0.000000
v1                               = 0.000000, 0.000000, 0.000000
v2                               = 0.000000, 0.000000, 0.000000
 
[action_0001]
action_type                      = 10
version                          = 1
action_name                      = killold
flags                            = 1
flt_0000                         = 15.000000
bool_0000                        = false
 
[action_0002]
action_type                      = 12
version                          = 1
action_name                      = move
flags                            = 1
 
