[_effect]
version                          = 1
max_particles                    = 100
flags                            = 32768
action_count                     = 6
 
[align_to_path]
default_rotation                 = 0.000000, 0.000000, 0.000000
 
[action_0000]
action_type                      = 21
version                          = 1
action_name                      = source
flags                            = 1
flt_0000                         = 0.000000
flt_0001                         = 1.000000
flt_0002                         = 0.000000
flt_0003                         = 500.000000
flt_0004                         = 0.000000
bool_0000                        = true
bool_0001                        = false
 
[domain_action_0000_0000]
type                             = 0
v0                               = 1.000000, 1.000000, 1.000000
v1                               = 0.000000, 0.000000, 0.000000
v2                               = 0.000000, 0.000000, 0.000000
 
[domain_action_0000_0001]
type                             = 5
v0                               = 0.000000, 5.000000, 0.000000
v1                               = 2.000000, 0.800000, 0.000000
v2                               = 0.000000, 0.000000, 0.000000
 
[domain_action_0000_0002]
type                             = 0
v0                               = 0.000000, 0.000000, 0.000000
v1                               = 0.000000, 0.000000, 0.000000
v2                               = 0.000000, 0.000000, 0.000000
 
[domain_action_0000_0003]
type                             = 0
v0                               = 0.100000, 0.100000, 1.000000
v1                               = 0.000000, 0.000000, 0.000000
v2                               = 0.000000, 0.000000, 0.000000
 
[domain_action_0000_0004]
type                             = 0
v0                               = 0.000000, 0.000000, 0.000000
v1                               = 0.000000, 0.000000, 0.000000
v2                               = 0.000000, 0.000000, 0.000000
 
[action_0001]
action_type                      = 19
version                          = 1
action_name                      = sink
flags                            = 1
bool_0000                        = true
bool_0001                        = true
 
[domain_action_0001_0000]
type                             = 3
v0                               = 0.000000, -5.000000, 0.000000
v1                               = 0.000000, -1.000000, 0.000000
v2                               = 0.000000, 0.000000, 0.000000
 
[action_0002]
action_type                      = 1
version                          = 1
action_name                      = bounce
flags                            = 1
flt_0000                         = 0.000000
flt_0001                         = 0.200000
flt_0002                         = 0.000000
bool_0000                        = true
 
[domain_action_0002_0000]
type                             = 10
v0                               = -5.000000, 0.000000, 0.000000
v1                               = 5.000000, -1.000000, 5.000000
v2                               = 5.000000, 0.000000, -5.000000
 
[action_0003]
action_type                      = 8
version                          = 1
action_name                      = gravity
flags                            = 1
vec_0000                         = 0.000000, -1.500000, 0.000000
bool_0000                        = true
 
[action_0004]
action_type                      = 12
version                          = 1
action_name                      = move
flags                            = 1
 
[action_0005]
action_type                      = 10
version                          = 1
action_name                      = killold
flags                            = 1
flt_0000                         = 5.000000
bool_0000                        = false
 
