[_effect]
version                          = 1
max_particles                    = 200
flags                            = 73729
action_count                     = 6
 
[sprite]
shader                           = particles\xdistort
texture                          = pfx\pfx_bubble, pfx\pfx_distortion
 
[collision]
one_minus_friction               = 1.000000
collide_resilence                = 0.130000
collide_sqr_cutoff               = 0.000000
 
[action_0000]
action_type                      = 21
version                          = 1
action_name                      = source
flags                            = 1
flt_0000                         = 0.000000
flt_0001                         = 1.000000
flt_0002                         = 0.000000
flt_0003                         = 30.000000
flt_0004                         = 0.000000
bool_0000                        = true
bool_0001                        = false
 
[domain_action_0000_0000]
type                             = 1
v0                               = 1.000000, 1.000000, 1.000000
v1                               = 0.635294, 0.635294, 0.635294
v2                               = 0.000000, 0.000000, 0.000000
 
[domain_action_0000_0001]
type                             = 7
v0                               = 0.000000, 0.401000, 0.000000
v1                               = 0.000000, 1.000000, 0.000000
v2                               = 0.000000, 2.000000, 0.000000
 
[domain_action_0000_0002]
type                             = 0
v0                               = 0.000000, 0.000000, 0.000000
v1                               = 0.000000, 0.000000, 0.000000
v2                               = 0.000000, 0.000000, 0.000000
 
[domain_action_0000_0003]
type                             = 0
v0                               = 1.000000, 1.000000, 0.000000
v1                               = 0.050000, 0.050000, 0.000000
v2                               = 0.000000, 0.000000, 0.000000
 
[domain_action_0000_0004]
type                             = 6
v0                               = 0.000000, 6.000000, 0.000000
v1                               = 0.000000, 7.000000, 0.000000
v2                               = 0.210000, 0.190000, 0.000000
 
[action_0001]
action_type                      = 8
version                          = 1
action_name                      = gravity
flags                            = 1
vec_0000                         = 0.000000, -3.000000, 0.000000
bool_0000                        = true
 
[action_0002]
action_type                      = 12
version                          = 1
action_name                      = move
flags                            = 1
 
[action_0003]
action_type                      = 6
version                          = 1
action_name                      = follow
flags                            = 3
flt_0000                         = 0.001000
flt_0001                         = 0.124000
flt_0002                         = 2.000000
 
[action_0004]
action_type                      = 24
version                          = 1
action_name                      = targetsize
flags                            = 1
vec_0000                         = 0.105000, 0.105000, 0.000000
vec_0001                         = 2.000000, 2.000000, 0.001000
 
[action_0005]
action_type                      = 10
version                          = 1
action_name                      = killold
flags                            = 1
flt_0000                         = 6.000000
bool_0000                        = false
 
