[_effect]
version                          = 1
max_particles                    = 50
flags                            = 318465
action_count                     = 4
 
[sprite]
shader                           = particles\blend
texture                          = pfx\pfx_sparks2.tga
 
[frame]
tex_size                         = 0.250000, 0.500000
reserved                         = 128.000000, 128.000000
dim_x                            = 4
frame_count                      = 8
speed                            = 1.000000
 
[timelimit]
value                            = 0.500000
 
[velocity_scale]
value                            = 0.021000, 0.000000, 0.000000
 
[align_to_path]
default_rotation                 = 0.000000, 0.000000, 0.000000
 
[action_0000]
action_type                      = 21
version                          = 1
action_name                      = source
flags                            = 1
flt_0000                         = 0.000000
flt_0001                         = 1.000000
flt_0002                         = 0.000000
flt_0003                         = 3000.000000
flt_0004                         = 0.000000
bool_0000                        = true
bool_0001                        = true
 
[domain_action_0000_0000]
type                             = 1
v0                               = 0.000000, 0.000000, -1.000000
v1                               = 0.700000, 0.700000, 0.300000
v2                               = 0.000000, 0.000000, 0.000000
 
[domain_action_0000_0001]
type                             = 5
v0                               = 0.000000, -1.200000, 0.000000
v1                               = 0.100000, 0.500000, 0.000000
v2                               = 0.000000, 0.000000, 0.000000
 
[domain_action_0000_0002]
type                             = 0
v0                               = 0.000000, 0.000000, 0.000000
v1                               = 0.000000, 0.000000, 0.000000
v2                               = 0.000000, 0.000000, 0.000000
 
[domain_action_0000_0003]
type                             = 1
v0                               = 0.030000, 0.030000, 0.000000
v1                               = 0.100000, 0.100000, 0.000000
v2                               = 0.000000, 0.000000, 0.000000
 
[domain_action_0000_0004]
type                             = 5
v0                               = 0.000000, 1.000000, 0.000000
v1                               = 10.000000, 30.000000, 0.000000
v2                               = 0.000000, 0.000000, 0.000000
 
[action_0001]
action_type                      = 10
version                          = 1
action_name                      = killold
flags                            = 1
flt_0000                         = 0.500000
bool_0000                        = false
 
[action_0002]
action_type                      = 27
version                          = 1
action_name                      = targetvelocity
flags                            = 1
flt_0000                         = 5.000000
vec_0000                         = 0.000000, 0.000000, 0.000000
bool_0000                        = false
 
[action_0003]
action_type                      = 12
version                          = 1
action_name                      = move
flags                            = 1
 
